
2,4,8,8
0,0,0,4
0,0,0,0
0,0,0,0
==============================
0,2,4,16
0,0,0,4
0,0,0,0
0,0,0,0
==============================
0,0,0,0
0,0,0,0
0,0,0,8
2,4,8,4
==============================
2,4,16,0
4,0,0,0
0,0,0,0
0,0,0,0
==============================
0,2,4,16
0,0,0,4
0,0,0,0
0,0,0,0
==============================
0,0,0,0
0,0,0,0
0,0,0,16
0,2,4,4
==============================
2,4,16,0
4,0,0,0
0,0,0,0
0,0,0,0
==============================
0,0,0,0
0,0,0,0
0,0,0,8
2,4,8,4
==============================
2,4,8,8
0,0,0,4
0,0,0,0
0,0,0,0
==============================
0,0,0,0
0,0,0,0
8,0,0,0
2,4,8,4
==============================
2,4,16,0
4,0,0,0
0,0,0,0
0,0,0,0
==============================
0,2,4,16
0,0,0,4
0,0,0,0
0,0,0,0
==============================
0,0,0,0
0,0,0,0
2,0,0,0
4,4,16,0
==============================
0,2,4,16
0,0,0,4
0,0,0,0
0,0,0,0
==============================
0,0,0,0
0,0,0,0
0,0,0,16
0,2,4,4
==============================
0,2,4,16
0,0,0,4
0,0,0,0
0,0,0,0
==============================
0,0,0,0
0,0,0,0
0,0,0,16
0,0,2,8
==============================
0,0,0,0
0,0,0,0
16,0,0,0
2,8,0,0
==============================
2,4,16,0
4,0,0,0
0,0,0,0
0,0,0,0
==============================
0,2,4,16
0,0,0,4
0,0,0,0
0,0,0,0
==============================
0,0,0,0
0,0,0,0
2,0,0,0
4,4,16,0
==============================
0,0,0,0
0,0,0,0
0,0,0,8
2,4,8,4
==============================
2,4,8,8
0,0,0,4
0,0,0,0
0,0,0,0
==============================
0,2,4,16
0,0,0,4
0,0,0,0
0,0,0,0
==============================
0,0,0,0
0,0,0,0
0,0,0,8
2,4,8,4
==============================
2,4,16,0
4,0,0,0
0,0,0,0
0,0,0,0
==============================
0,0,0,0
0,0,0,0
8,0,0,0
2,4,8,4
==============================
8,4,8,4
2,0,0,0
0,0,0,0
0,0,0,0
==============================
0,0,0,0
0,0,0,0
0,0,0,8
2,4,8,4
==============================
2,4,16,0
4,0,0,0
0,0,0,0
0,0,0,0
==============================
0,2,4,16
0,0,0,4
0,0,0,0
0,0,0,0
==============================
0,0,0,0
0,0,0,0
0,0,0,16
0,2,4,4
==============================
2,4,16,0
4,0,0,0
0,0,0,0
0,0,0,0
==============================
0,0,0,0
0,0,0,0
2,0,0,0
4,4,16,0
==============================
2,4,16,0
4,0,0,0
0,0,0,0
0,0,0,0
==============================
0,0,0,0
0,0,0,0
0,0,0,2
0,0,8,16
==============================
0,0,0,0
0,0,0,0
2,0,0,0
8,16,0,0
==============================
0,2,4,16
0,0,0,4
0,0,0,0
0,0,0,0
==============================
0,0,0,0
0,0,0,0
0,0,0,16
0,2,4,4
==============================
0,2,4,16
0,0,0,4
0,0,0,0
0,0,0,0
==============================
0,0,0,0
0,0,0,0
0,0,0,16
0,2,4,4
==============================
2,4,16,0
4,0,0,0
0,0,0,0
0,0,0,0
==============================
0,0,0,0
0,0,0,0
0,0,0,16
0,0,2,8
==============================
0,0,2,16
0,0,0,8
0,0,0,0
0,0,0,0
==============================
0,0,0,0
0,0,0,0
16,0,0,0
2,8,0,0
==============================
0,0,0,0
0,0,0,0
16,0,0,0
2,8,0,0
==============================
16,8,0,0
2,0,0,0
0,0,0,0
0,0,0,0
==============================
0,0,0,0
0,0,0,0
0,0,0,16
0,0,2,8
==============================
2,4,16,0
4,0,0,0
0,0,0,0
0,0,0,0
==============================
0,2,4,16
0,0,0,4
0,0,0,0
0,0,0,0
==============================
0,0,0,0
0,0,0,0
0,0,0,16
0,2,4,4
==============================
2,4,16,0
4,0,0,0
0,0,0,0
0,0,0,0
==============================
0,0,0,0
0,0,0,0
2,0,0,0
4,4,16,0
==============================
2,4,16,0
4,0,0,0
0,0,0,0
0,0,0,0
==============================
0,0,0,0
0,0,0,0
0,0,0,2
0,0,8,16
==============================
0,0,0,0
0,0,0,0
2,0,0,0
8,16,0,0
==============================
0,0,0,0
0,0,0,0
0,0,0,8
2,4,8,4
==============================
2,4,8,8
0,0,0,4
0,0,0,0
0,0,0,0
==============================
0,2,4,16
0,0,0,4
0,0,0,0
0,0,0,0
==============================
0,0,0,0
0,0,0,0
0,0,0,16
0,2,4,4
==============================
2,4,16,0
4,0,0,0
0,0,0,0
0,0,0,0
==============================
0,0,0,0
0,0,0,0
0,0,0,8
2,4,8,4
==============================
2,4,8,8
0,0,0,4
0,0,0,0
0,0,0,0
==============================
0,0,0,0
0,0,0,0
8,0,0,0
2,4,8,4
==============================
2,4,16,0
4,0,0,0
0,0,0,0
0,0,0,0
==============================
0,2,4,16
0,0,0,4
0,0,0,0
0,0,0,0
==============================
0,0,0,0
0,0,0,0
2,0,0,0
4,4,16,0
==============================
0,0,0,0
0,0,0,0
8,0,0,0
2,4,8,4
==============================
8,4,8,4
2,0,0,0
0,0,0,0
0,0,0,0
==============================
8,4,8,4
0,0,0,2
0,0,0,0
0,0,0,0
==============================
0,0,0,0
0,0,0,0
8,0,0,0
2,4,8,4
==============================
0,0,0,0
0,0,0,0
0,0,0,8
2,4,8,4
==============================
2,4,8,8
0,0,0,4
0,0,0,0
0,0,0,0
==============================
0,0,0,0
0,0,0,0
8,0,0,0
2,4,8,4
==============================
2,4,16,0
4,0,0,0
0,0,0,0
0,0,0,0
==============================
0,2,4,16
0,0,0,4
0,0,0,0
0,0,0,0
==============================
0,0,0,0
0,0,0,0
0,0,0,16
0,2,4,4
==============================
0,2,4,16
0,0,0,4
0,0,0,0
0,0,0,0
==============================
0,0,0,0
0,0,0,0
0,0,0,16
0,0,2,8
==============================
0,0,0,0
0,0,0,0
16,0,0,0
2,8,0,0
==============================
2,4,16,0
4,0,0,0
0,0,0,0
0,0,0,0
==============================
0,2,4,16
0,0,0,4
0,0,0,0
0,0,0,0
==============================
0,0,0,0
0,0,0,0
2,0,0,0
4,4,16,0
==============================
0,0,0,0
0,0,0,0
2,0,0,0
4,4,16,0
==============================
2,4,16,0
4,0,0,0
0,0,0,0
0,0,0,0
==============================
0,2,4,16
0,0,0,4
0,0,0,0
0,0,0,0
==============================
0,0,0,0
0,0,0,0
2,0,0,0
4,4,16,0
==============================
0,0,0,0
0,0,0,0
0,0,0,2
0,0,8,16
==============================
0,0,8,2
0,0,0,16
0,0,0,0
0,0,0,0
==============================
0,0,0,0
0,0,0,0
2,0,0,0
8,16,0,0
==============================
0,0,0,0
0,0,0,0
2,0,0,0
8,16,0,0
==============================
2,16,0,0
8,0,0,0
0,0,0,0
0,0,0,0
==============================
0,0,0,0
0,0,0,0
0,0,0,2
0,0,8,16
==============================
0,2,2,8
0,0,0,4
0,0,0,0
0,0,0,0
==============================
0,0,4,8
0,0,0,4
0,0,0,0
0,0,0,0
==============================
0,0,0,0
0,0,0,0
0,0,0,8
0,2,2,4
==============================
4,8,0,0
4,0,0,0
0,0,0,0
0,0,0,0
==============================
0,0,4,8
0,0,0,4
0,0,0,0
0,0,0,0
==============================
0,0,0,0
0,0,0,0
0,0,0,8
0,0,4,4
==============================
4,8,0,0
4,0,0,0
0,0,0,0
0,0,0,0
==============================
0,0,0,0
0,0,0,0
0,0,0,8
0,2,2,4
==============================
0,2,2,8
0,0,0,4
0,0,0,0
0,0,0,0
==============================
0,0,0,0
0,0,0,0
0,0,0,8
0,0,4,4
==============================
0,0,0,0
0,0,0,0
8,0,0,0
4,4,0,0
==============================
4,8,0,0
4,0,0,0
0,0,0,0
0,0,0,0
==============================
8,8,0,0
0,0,0,0
0,0,0,0
0,0,0,0
==============================
0,0,4,8
0,0,0,4
0,0,0,0
0,0,0,0
==============================
0,0,0,0
0,0,0,0
0,0,0,0
8,8,0,0
==============================
0,0,4,8
0,0,0,4
0,0,0,0
0,0,0,0
==============================
0,0,0,0
0,0,0,0
0,0,0,8
0,0,4,4
==============================
0,0,4,8
0,0,0,4
0,0,0,0
0,0,0,0
==============================
0,0,0,0
0,0,0,0
0,0,0,8
0,0,0,8
==============================
0,0,0,0
0,0,0,0
8,0,0,0
8,0,0,0
==============================
4,8,0,0
4,0,0,0
0,0,0,0
0,0,0,0
==============================
8,8,0,0
0,0,0,0
0,0,0,0
0,0,0,0
==============================
0,0,4,8
0,0,0,4
0,0,0,0
0,0,0,0
==============================
0,0,0,0
0,0,0,0
0,0,0,0
8,8,0,0
==============================
0,0,0,0
0,0,0,0
0,0,0,8
0,2,2,4
==============================
0,2,2,8
0,0,0,4
0,0,0,0
0,0,0,0
==============================
0,0,4,8
0,0,0,4
0,0,0,0
0,0,0,0
==============================
0,0,0,0
0,0,0,0
0,0,0,8
0,2,2,4
==============================
4,8,0,0
4,0,0,0
0,0,0,0
0,0,0,0
==============================
0,0,0,0
0,0,0,0
0,0,0,8
0,0,4,4
==============================
0,0,4,8
0,0,0,4
0,0,0,0
0,0,0,0
==============================
0,0,0,0
0,0,0,0
0,0,0,8
0,0,0,8
==============================
0,0,0,0
0,0,0,0
8,0,0,0
8,0,0,0
==============================
0,0,0,0
0,0,0,0
8,0,0,0
4,4,0,0
==============================
8,4,0,0
4,0,0,0
0,0,0,0
0,0,0,0
==============================
0,0,0,0
0,0,0,0
0,0,0,8
0,0,0,8
==============================
0,0,0,0
0,0,0,0
8,0,0,0
8,0,0,0
==============================
4,8,0,0
4,0,0,0
0,0,0,0
0,0,0,0
==============================
8,8,0,0
0,0,0,0
0,0,0,0
0,0,0,0
==============================
0,0,0,16
0,0,0,0
0,0,0,0
0,0,0,0
==============================
0,0,0,0
0,0,0,0
0,0,0,0
8,8,0,0
==============================
16,0,0,0
0,0,0,0
0,0,0,0
0,0,0,0
==============================
0,0,4,8
0,0,0,4
0,0,0,0
0,0,0,0
==============================
0,0,0,0
0,0,0,0
0,0,0,8
0,0,4,4
==============================
4,8,0,0
4,0,0,0
0,0,0,0
0,0,0,0
==============================
0,0,0,0
0,0,0,0
0,0,0,0
8,8,0,0
==============================
8,8,0,0
0,0,0,0
0,0,0,0
0,0,0,0
==============================
0,0,0,0
0,0,0,0
0,0,0,0
0,0,0,16
==============================
0,0,0,0
0,0,0,0
0,0,0,0
16,0,0,0
==============================